i
200
    69
   235
   128
   179
    64
    47
   121
   109
   218
   173
   169
    20
    55
   143
   102
   225
   229
    84
   194
   233
   152
   250
   208
   144
   194
   143
    97
   155
   131
   101
   261
   145
   333
   106
   170
   247
   333
   151
    69
   188
    29
   107
   148
   240
   236
   126
   197
   104
   178
   272
   140
   105
    90
   182
   228
   287
   132
   140
    81
   249
   122
    93
   292
   189
   182
    53
   161
   167
    46
   111
    98
   168
    52
   210
   262
   105
   127
   166
   218
   167
   158
    92
   111
   174
   254
   171
    38
   160
   121
   110
   112
    62
   104
    69
   101
   137
   141
   112
   117
   131
   162
   224
   175
   106
   173
   110
     6
    48
     1
   110
    82
    74
   131
    79
    81
   174
   187
   311
   151
   132
    85
   113
   124
     4
   109
   184
    85
   165
   202
   209
   186
    41
    86
   196
   158
   128
   161
   213
   140
    71
   114
   112
   195
   159
   169
   139
   101
   133
   144
    23
   141
   198
   120
   246
   170
    96
   116
   107
   146
   185
   106
   162
   260
   198
   190
    67
    88
   146
   120
     6
    14
   205
    71
   284
    39
   162
   128
    71
   158
    68
   192
   133
     5
    54
   107
   214
   142
   132
   180
    23
   235
    61
   131
   101
   139
    18
   242
   169
   279
   234