f
200
148.7008
  162.4848
  111.6870
  187.7092
   14.1483
   47.3812
  102.4124
  167.1055
   53.6732
  109.0156
  203.6949
  131.8259
   94.9675
   64.3648
  109.9722
  173.2197
   14.2810
  122.8739
  186.6795
   21.4456
  178.2024
  179.2427
   61.8398
   15.1618
  160.4855
  188.6192
  171.4203
  185.2137
   39.3405
  171.7886
   84.4993
   85.8975
   11.3078
  210.5156
  141.1294
  203.2708
  241.3256
   42.7071
  176.2264
  127.0430
  196.5695
  211.0771
  189.5354
   66.6791
  118.5136
  147.8107
  364.8896
  219.9963
  302.0476
  159.0873
  143.8874
  173.9875
   88.4167
  221.1201
  116.1777
   24.9799
  193.3129
   10.3600
   10.3190
  149.6307
   56.6817
   59.6951
  115.8538
   91.3324
  111.2913
  148.4050
   40.3602
   36.1824
   29.4609
   98.7318
  177.8211
   75.3302
  165.5996
  168.5235
  202.3063
  202.2034
   76.3369
   63.7372
  131.6293
   78.1360
  236.9556
  231.4884
  135.1352
   95.9655
  166.3106
   78.7795
  118.6237
   88.2150
  135.9190
  212.6263
  183.6859
  213.7702
   59.3964
  141.4851
   54.2489
  156.8621
  152.4273
  225.2233
  210.4422
  176.9917
   90.1195
   92.3005
   25.8671
   94.3772
   11.6603
  197.7369
  195.6455
  138.3716
   99.6194
  138.7298
  248.3779
  229.1837
   94.3668
  140.6308
   43.9627
  158.0548
  183.4297
  195.5034
   13.1586
  165.8466
   63.1839
   99.7584
  187.1008
  150.3654
  115.7194
  173.5049
  250.5874
   81.2380
   26.7425
   40.8319
   57.1791
   77.6592
  171.2511
   28.4328
  145.6973
   69.6184
  210.4671
   63.8327
  128.5668
   57.6811
   76.8830
  108.4895
  110.8403
   88.6390
  212.6239
  169.2604
  267.1361
  107.2026
  207.9973
   29.4429
  175.8863
  155.8599
   99.9366
  180.1511
  193.8222
  205.5204
  159.4843
  173.0802
   77.4486
   45.8616
  107.9287
  141.9913
  199.3209
   68.7111
   91.2892
  351.0855
   81.3061
  272.0227
  200.0862
   86.1648
  120.0084
  111.8629
  163.5117
  230.4231
    5.1647
  279.7797
  186.3342
   86.8324
  118.5491
  150.4685
  150.2128
  218.0587
  209.7630
  101.0973
  118.2554
  183.0303
  137.0249
  213.2248
   76.4920
  163.3762
  149.6257
  232.3891
   27.0873
  128.0561
  132.0121
   47.6429
  221.6071
  338.6924
  110.5861
  149.5274